0,56,415,300,700,1050,1540,1620
56,0,355,330,690,1100,1590,1700
415,355,0,620,950,1350,1850,1600
300,330,620,0,400,1050,1320,1500
700,690,950,400,0,620,980,1450
1050,1100,1350,1050,620,0,1200,800
1540,1590,1850,1320,980,1200,0,2100
1620,1700,1600,1500,1450,800,2100,0